8 0 1
8 1 1
8 2 1
8 3 1
8 4 1
8 5 1
8 6 1
8 7 1
8 8 1
8 9 1
8 10 1
8 11 1
8 12 1
8 13 1
8 14 1
8 15 1
8 16 1
8 17 1
8 18 1
8 19 1
8 20 1
8 21 1
8 22 1
8 23 1
8 24 1
8 25 1
8 26 1
8 27 1
8 28 1
8 29 1
8 30 1
8 31 1
8 32 1
8 33 1
8 34 1
8 35 1
8 36 1
8 37 1
8 38 1
8 39 1
8 40 1
8 41 1
8 42 1
8 43 1
8 44 1
0 45 -1
0 46 -1
0 47 -1
8 48 1
8 49 1
8 50 1
8 51 1
8 52 1
8 53 1
8 54 1
8 55 1
8 56 1
8 57 1
8 58 1
8 59 1
8 60 1
8 61 1
8 62 1
8 63 1
8 64 1
8 65 1
8 66 1
8 67 1
8 68 1
8 69 1
8 70 1
8 71 1
8 72 1
8 73 1
8 74 1
8 75 1
8 76 1
8 77 1
8 78 1
8 79 1
8 80 1
8 81 1
8 82 1
8 83 1
8 84 1
8 85 1
8 86 1
0 87 -1
0 88 -1
0 89 -1
0 90 -1
0 91 -1
0 92 -1
0 93 -1
0 94 -1
0 95 -1
8 96 1
0 97 -1
0 98 -1
8 99 1
8 100 1
8 101 1
8 102 1
8 103 1
8 104 1
8 105 1
8 106 1
8 107 1
8 108 1
8 109 1
8 110 1
8 111 1
8 112 1
8 113 1
8 114 1
8 115 1
8 116 1
8 117 1
8 118 1
8 119 1
8 120 1
8 121 1
8 122 1
8 123 1
8 124 1
8 125 1
8 126 1
8 127 1
8 128 1
8 129 1
8 130 1
8 131 1
8 132 1
8 133 1
8 134 1
8 135 1
8 136 1
8 137 1
0 138 -1
0 139 -1
0 140 -1
8 141 1
8 142 1
8 143 1
8 144 1
8 145 1
8 146 1
8 147 1
8 148 1
8 149 1
8 150 1
8 151 1
8 152 1
8 153 1
8 154 1
8 155 1
8 156 1
8 157 1
8 158 1
8 159 1
8 160 1
8 161 1
8 162 1
8 163 1
8 164 1
8 165 1
8 166 1
8 167 1
8 168 1
8 169 1
8 170 1
8 171 1
8 172 1
8 173 1
8 174 1
8 175 1
8 176 1
8 177 1
8 178 1
8 179 1
8 180 1
8 181 1
8 182 1
8 183 1
8 184 1
8 185 1
8 186 1
8 0 2
8 1 2
8 2 2
8 3 2
8 4 2
8 5 2 
8 6 2
8 7 2
8 8 2
8 9 2
8 10 2
8 11 2
8 12 2
8 13 2
8 14 2
8 15 2
8 16 2
8 17 2
8 18 2
8 19 2
8 20 2
8 21 2
8 22 2
8 23 2
8 24 2
8 25 2
8 26 2
8 27 2
8 28 2
8 29 2
8 30 2
8 31 2
8 32 2
8 33 2
8 34 2
8 35 2
8 36 2
8 37 2
8 38 2
8 39 2
8 40 2
8 41 2
8 42 2
8 43 2
8 44 2
8 48 2
8 49 2
8 50 2
8 51 2
8 52 2
8 53 2
8 54 2
8 55 2
8 56 2
8 57 2
8 58 2
8 59 2
8 60 2
8 61 2
8 62 2
8 63 2
8 64 2
8 65 2
8 66 2
8 67 2
8 68 2
8 69 2
8 70 2
8 71 2
8 72 2
8 73 2
8 74 2
8 75 2
8 76 2
8 77 2
8 78 2
8 79 2
8 80 2
8 81 2
8 82 2
8 83 2
8 84 2
8 85 2
8 86 2
8 96 2
8 99 2
8 100 2
8 100 2
8 101 2
8 102 2
8 103 2
8 104 2
8 105 2
8 106 2
8 107 2
8 108 2
8 109 2
8 110 2
8 111 2
8 112 2
8 113 2
8 114 2
8 115 2
8 116 2
8 117 2
8 118 2
8 119 2
8 120 2
8 121 2
8 122 2
8 123 2
8 124 2
8 125 2
8 126 2
8 127 2
8 128 2
8 129 2
8 130 2
8 131 2
8 132 2
8 133 2
8 134 2
8 135 2
8 136 2
8 137 2
8 141 2
8 142 2
8 143 2
8 144 2
8 145 2
8 146 2
8 147 2
8 148 2
8 149 2
8 150 2
8 151 2
8 152 2
8 153 2
8 154 2
8 155 2
8 156 2
8 157 2
8 158 2
8 159 2
8 160 2
8 161 2
8 162 2
8 163 2
8 164 2
8 165 2
8 166 2
8 167 2
8 168 2
8 169 2
8 170 2
8 171 2
8 172 2
8 173 2
8 174 2
8 175 2
8 176 2
8 177 2
8 178 2
8 179 2
8 180 2
8 181 2
8 182 2
8 183 2
8 184 2
8 185 2
8 186 2
4 17 6
4 20 7
4 23 7
44 26 3
41 29 3
1 27 6
1 28 6
1 29 6
3 33 3 2
42 38 3
3 39 3 3
42 63 3
42 64 3
42 65 3
3 67 3 2
1 71 6
41 75 3
3 77 3 1
7 83 3
7 84 3
7 84 4
7 85 3
7 85 4
7 85 5
7 86 3
7 86 4
7 86 5
7 86 6
7 91 6
7 92 6
7 93 6
4 92 9
7 96 3
7 96 4
7 96 5
7 96 6
7 99 3
7 99 4
7 99 5
7 99 6
7 100 3
7 100 4
1 101 10
4 102 10
1 103 10
42 105 3
42 107 3
41 112 3
3 113 3 3
1 121 6
1 122 6
1 123 6
1 124 6
1 125 6
1 126 6
1 127 6
1 128 6
1 129 6
1 130 6
1 131 6
1 121 10
1 122 10
4 123 10
1 124 10
1 125 10
1 126 10
4 127 10
1 128 10
1 129 10
1 130 10
42 123 7
41 127 3
7 149 3
7 150 3
7 150 4
7 151 3
7 151 4
7 151 5
7 152 3
7 152 4
7 152 5
7 152 6
7 153 3
7 153 4
7 153 5
7 153 6
7 153 7
7 154 3
7 154 4
7 154 5
7 154 6
7 154 7
7 154 8
5 170 3