8 0 1
8 1 1
8 2 1
8 3 1
8 4 1
8 5 1
8 6 1
8 7 1
0 8 -1
0 9 -1
0 10 -1
0 11 -1
0 12 -1
0 13 -1
0 14 -1
0 15 -1
0 16 -1
0 17 -1
0 18 -1
0 19 -1
8 20 1
8 21 1
8 22 1
8 23 1
8 24 1
8 25 1
8 26 1
8 27 1
8 28 1
8 29 1
8 30 1
8 31 1
8 32 1
8 33 1
8 34 1
8 35 1
8 36 1
8 37 1
8 38 1
8 39 1
8 40 1
8 41 1
8 42 1
8 43 1
8 44 1
8 45 1
8 46 1
8 47 1
8 48 1
8 49 1
8 50 1
8 51 1
8 52 1
8 53 1
8 54 1
8 55 1
8 56 1
8 57 1
8 58 1
8 59 1
8 60 1
8 61 1
8 62 1
8 63 1
8 64 1
8 65 1
8 66 1
8 67 1
8 68 1
0 69 -1
0 70 -1
0 71 -1
0 72 -1
0 73 -1
8 74 1
8 75 1
8 76 1
8 77 1
8 78 1
8 79 1
8 80 1
8 81 1
8 82 1
8 83 1
8 84 1
8 85 1
8 86 1
8 87 1
8 88 1
8 89 1
8 90 1
8 91 1
8 92 1
8 93 1
8 94 1
8 95 1
8 96 1
8 97 1
8 98 1
8 99 1
8 100 1
8 101 1
8 102 1
8 103 1
8 104 1
8 105 1
8 106 1
8 107 1
8 108 1
8 109 1
8 110 1
8 111 1
8 112 1
8 113 1
8 114 1
8 115 1
8 116 1
8 117 1
8 118 1
8 119 1
8 120 1
8 121 1
8 122 1
8 123 1
8 124 1
8 125 1
8 126 1
8 127 1
8 128 1
8 129 1
8 130 1
8 131 1
8 132 1
8 133 1
8 134 1
8 135 1
8 136 1
8 137 1
8 138 1
8 139 1
8 140 1
8 141 1
8 142 1
8 143 1
8 144 1
8 145 1
8 146 1
8 147 1
8 148 1
8 149 1
8 150 1
8 151 1
8 152 1
8 153 1
8 154 1
8 155 1
8 156 1
8 157 1
8 158 1
8 159 1
8 160 1
8 161 1
8 162 1 
8 163 1
8 164 1
8 165 1
8 166 1 
8 167 1
8 168 1
8 168 1
8 169 1
0 170 -1
0 171 -1
0 172 -1 
0 173 -1
0 174 -1
0 175 -1
8 176 1 
8 177 1
8 178 1
8 178 1
8 179 1
8 180 1
8 181 1
8 182 1 
8 183 1
8 184 1
8 185 1
8 186 1 
8 187 1
8 188 1
8 188 1
8 189 1
8 190 1
8 191 1
8 192 1
8 193 1
8 194 1
8 195 1
8 196 1
8 197 1
8 198 1
8 199 1
8 200 1
8 201 1
8 202 1
8 203 1
8 204 1
8 205 1
8 206 1
8 207 1
8 208 1
8 209 1
8 210 1
8 211 1
8 212 1
8 213 1
8 214 1
8 215 1
8 216 1
8 217 1
8 218 1
8 219 1
8 220 1
8 0 2
8 1 2
8 2 2
8 3 2
8 4 2
8 5 2
8 6 2
8 7 2
8 20 2
8 21 2
8 22 2
8 23 2
8 24 2
8 25 2
8 26 2
8 27 2
8 28 2
8 29 2
8 30 2
8 31 2
8 32 2
8 33 2
8 34 2
8 35 2
8 36 2
8 37 2
8 38 2
8 39 2
8 40 2
8 41 2
8 42 2
8 43 2
8 44 2
8 45 2
8 46 2
8 47 2
8 48 2
8 49 2
8 50 2
8 51 2
8 52 2
8 53 2
8 54 2
8 55 2
8 56 2
8 57 2
8 58 2
8 59 2
8 60 2
8 61 2
8 62 2
8 63 2
8 64 2
8 65 2
8 66 2
8 67 2
8 68 2
8 74 2
8 75 2
8 76 2
8 77 2
8 78 2
8 79 2
8 80 2
8 81 2
8 82 2
8 83 2
8 84 2
8 85 2
8 86 2
8 87 2
8 88 2
8 89 2
8 90 2
8 91 2
8 92 2
8 93 2
8 94 2
8 95 2
8 96 2
8 97 2
8 98 2
8 99 2
8 100 2
8 101 2
8 102 2
8 103 2
8 104 2
8 105 2
8 106 2
8 107 2
8 108 2
8 109 2
8 110 2
8 111 2
8 112 2
8 113 2
8 114 2
8 115 2
8 116 2
8 117 2
8 118 2
8 119 2
8 120 2
8 121 2
8 122 2
8 123 2
8 124 2
8 125 2
8 126 2
8 127 2
8 128 2
8 129 2
8 130 2
8 131 2
8 132 2
8 133 2
8 134 2
8 135 2
8 136 2
8 137 2
8 138 2
8 139 2
8 140 2
8 141 2
8 142 2
8 143 2
8 144 2
8 145 2
8 146 2
8 147 2
8 148 2
8 149 2
8 150 2
8 151 2
8 152 2
8 153 2
8 154 2
8 155 2
8 156 2
8 157 2
8 158 2
8 159 2
8 160 2
8 161 2
8 162 2 
8 163 2
8 164 2
8 165 2
8 166 2 
8 167 2
8 168 2
8 168 2
8 169 2
8 176 2 
8 177 2
8 178 2
8 178 2
8 179 2
8 180 2
8 181 2
8 182 2 
8 183 2
8 184 2
8 185 2
8 186 2 
8 187 2
8 188 2
8 188 2
8 189 2
8 190 2
8 191 2
8 192 2
8 193 2
8 194 2
8 195 2
8 196 2
8 197 2
8 198 2
8 199 2
8 200 2
8 201 2
8 202 2
8 203 2
8 204 2
8 205 2
8 206 2
8 207 2
8 208 2
8 209 2
8 210 2
8 211 2
8 212 2
8 213 2
8 214 2
8 215 2
8 216 2
8 217 2
8 218 2
8 219 2
8 220 2
7 190 3
7 191 3
7 192 3
7 193 3
7 194 3
7 195 3
7 191 4
7 192 4
7 193 4
7 194 4
7 195 4
7 192 5
7 193 5
7 194 5
7 195 5
7 193 6
7 194 6
7 195 6
7 194 7 
7 195 7
7 195 8
1 11 6
20 13 8
1 15 10
20 19 11
20 20 11
20 21 11
20 22 11
42 25 3
42 26 3
3 20 3 1
3 40 3 3
43 45 3
3 50 3 3
4 56 5
1 55 5
1 57 5
3 60 3 3
43 55 3
20 70 6
20 71 6
20 72 6
20 70 7
20 71 7
20 72 7
20 70 8
20 71 8
20 72 8
41 75 3
41 78 3
43 77 3
7 90 3
7 91 3
7 92 3
7 93 3
7 94 3
7 95 3
7 96 3
7 91 4
7 92 4
7 93 4
7 94 4
7 95 4
7 96 4
7 92 5
7 93 5
7 94 5
7 95 5
7 96 5
7 93 6
7 94 6
7 95 6
7 96 6
7 94 7
7 95 7
7 96 7
7 95 8
7 96 8
7 96 9
7 102 9
20 102 13
43 107 3 
7 108 9
20 108 13
44 108 3
7 114 9
20 114 13
42 114 3
42 116 3
7 120 9
41 98 3
7 126 9
41 125 3
20 126 13
41 126 3
7 132 9
20 132 13
7 138 9
20 138 13
7 144 9
7 144 8
7 144 7
7 144 4
7 144 3
7 145 8
7 145 7
7 145 4
7 145 3
7 146 7
7 146 4
7 146 3
7 147 7
7 147 4
7 147 3
7 148 7
7 148 4
7 148 3
7 149 7
7 149 4
7 149 3
7 150 7
7 150 4
7 150 3
7 151 7
7 151 4
7 151 3
7 152 7
7 152 4
7 152 3
7 153 7
7 153 4
7 153 3
7 154 7
7 154 4
7 154 3
7 155 7
7 155 4
7 155 3
7 156 7
7 156 4
7 156 3
7 157 7
7 157 4
7 157 3
43 156 5 
43 157 5
44 148 3
44 150 3
44 153 3
4 166 6
1 165 6
1 167 6
6 203 3
40 16 12
0 221 -1
0 222 -1
0 223 -1
0 224 -1
0 225 -1
0 226 -1
0 227 -1
0 228 -1
0 229 -1 
0 230 -1
4 5 5