45 5 3
8 0 1
8 1 1
8 2 1
8 3 1
8 4 1
8 5 1
8 6 1
8 7 1
8 8 1
8 9 1
8 10 1
8 11 1
8 12 1
8 13 1
8 14 1
8 15 1
8 16 1
8 17 1
8 18 1
8 19 1
8 20 1
8 21 1
8 22 1
8 23 1
8 24 1
8 25 1
8 26 1
8 27 1
8 28 1
8 29 1
8 30 1
8 31 1
8 32 1
8 33 1
8 34 1
8 35 1
8 36 1
8 37 1
8 38 1
8 39 1
8 40 1
8 41 1
8 42 1
8 43 1
8 44 1
8 45 1
8 46 1
8 47 1
8 48 1
0 49 -1
0 50 -1
0 51 -1
8 52 1
8 53 1
8 54 1
8 55 1
8 56 1
8 57 1
8 58 1
8 59 1
8 60 1
8 61 1
8 62 1
8 63 1
8 64 1
0 65 -1
0 66 -1
0 67 -1
0 68 -1
8 69 1
8 70 1
8 71 1
8 72 1
8 73 1
8 74 1
8 75 1
8 76 1
8 77 1
8 78 1
8 79 1
8 80 1
8 81 1
8 82 1
8 83 1
8 84 1
8 85 1
8 86 1
8 87 1
8 88 1
8 89 1
8 90 1
8 91 1
8 92 1
8 93 1
8 94 1
8 95 1
8 96 1
0 97 -1
0 98 -1
0 99 -1
0 100 -1
0 101 -1
0 102 -1
0 103 -1
0 104 -1
8 105 1
8 106 1
8 107 1
8 108 1
8 109 1
8 110 1
8 111 1
8 112 1
8 113 1
8 114 1
8 115 1
8 116 1
8 117 1
8 118 1
8 119 1
8 120 1
8 121 1
8 122 1
8 123 1
8 124 1
8 125 1
8 126 1
8 127 1
8 128 1
8 129 1
8 130 1
8 131 1
8 132 1
8 133 1
8 134 1
8 135 1
8 136 1
8 137 1
8 138 1
8 139 1
8 140 1
8 141 1
8 142 1
8 143 1
8 144 1
8 145 1
8 146 1
8 147 1
8 148 1
8 149 1
8 150 1
8 151 1
8 152 1
8 153 1
8 154 1
8 155 1
8 156 1
8 157 1
8 158 1
8 159 1
8 160 1
8 161 1
8 162 1
8 163 1
8 164 1
8 165 1
8 166 1
8 167 1
8 168 1
8 169 1
8 170 1
8 171 1
8 0 2
8 1 2
8 2 2
8 3 2
8 4 2
8 5 2
8 6 2
8 7 2
8 8 2
8 9 2
8 10 2
8 11 2
8 12 2
8 13 2
8 14 2
8 15 2
8 16 2
8 17 2
8 18 2
8 19 2
8 20 2
8 21 2
8 22 2
8 23 2
8 24 2
8 25 2
8 26 2
8 27 2
8 28 2
8 29 2
8 30 2
8 31 2
8 32 2
8 33 2
8 34 2
8 35 2
8 36 2
8 37 2
8 38 2
8 39 2
8 40 2
8 41 2
8 42 2
8 43 2
8 44 2
8 45 2
8 46 2
8 47 2
8 48 2
8 52 2
8 53 2
8 54 2
8 55 2
8 56 2
8 57 2
8 58 2
8 59 2
8 60 2
8 61 2
8 62 2
8 63 2
8 64 2
8 69 2
8 70 2
8 71 2
8 72 2
8 73 2
8 74 2
8 75 2
8 76 2
8 77 2
8 78 2
8 79 2
8 80 2
8 81 2
8 82 2
8 83 2
8 84 2
8 85 2
8 86 2
8 87 2
8 88 2
8 89 2
8 90 2
8 91 2
8 92 2
8 93 2
8 94 2
8 95 2
8 96 2
8 105 2
8 106 2
8 107 2
8 108 2
8 109 2
8 110 2
8 111 2
8 112 2
8 113 2
8 114 2
8 115 2
8 116 2
8 117 2
8 118 2
8 119 2
8 120 2
8 121 2
8 122 2
8 123 2
8 124 2
8 125 2
8 126 2
8 127 2
8 128 2
8 129 2
8 130 2
8 131 2
8 132 2
8 133 2
8 134 2
8 135 2
8 136 2
8 137 2
8 138 2
8 139 2
8 140 2
8 141 2
8 142 2
8 143 2
8 144 2
8 145 2
8 146 2
8 147 2
8 148 2
8 149 2
8 150 2
8 151 2
8 152 2
8 153 2
8 154 2
8 155 2
8 156 2
8 157 2
8 158 2
8 159 2
8 160 2
8 161 2
8 162 2
8 163 2
8 164 2
8 165 2
8 166 2
8 167 2
8 168 2
8 169 2
8 170 2
8 171 2
1 10 6
1 11 6
4 12 6
1 13 6
1 14 6
4 12 9
3 21 3 1
3 31 3 2
3 41 3 3
1 57 6
4 58 6
1 59 6
1 60 10
1 61 10
1 62 10
1 63 10
1 64 10
1 65 10
1 66 10
20 62 11
20 63 11
20 64 11
1 70 10
1 71 10
4 72 10
1 72 6
4 83 6
4 86 6
4 89 6
4 86 10
7 94 3
7 95 3
7 96 3
7 95 4
7 96 4
7 96 5
7 100 6
7 101 6
20 100 7
20 101 7
7 105 3
7 106 3
7 107 3
7 105 4
7 106 4
7 105 5
7 113 3
7 116 3
7 116 4
7 116 5
7 119 3
7 119 4
7 119 5
7 119 6
7 119 7
7 122 3
7 122 4
7 122 5
7 125 3
1 125 8
1 126 8
1 127 8
1 128 8
1 129 8
1 130 8
1 131 8
4 127 11
4 128 11
4 129 11
3 136 3 3
3 144 3 3
5 155 3
42 28 3
42 37 3
41 61 3
41 63 3
42 65 11
44 92 3
44 83 3
43 118 3
43 121 3
41 138 3
41 143 3